<?xml version='1.0' encoding='utf-8'?>
<opencv_storage><CameraMatrix type_id="opencv-matrix"><rows>3</rows><cols>3</cols><dt>f</dt><data>
  16214.969320359964  0.0  38.03498381023626
  0.0  2509.202974645153  246.57120781100514
  0.0  0.0  1.0
</data></CameraMatrix><DistortionCoeffs type_id="opencv-matrix"><rows>5</rows><cols>1</cols><dt>f</dt><data>
  -18.981489651148266
  678.0877331326882
  0.2778782372101408
  0.21476802822996083
  3.1693047141008384
</data></DistortionCoeffs><RotationMatrix type_id="opencv-matrix"><rows>3</rows><cols>3</cols><dt>f</dt><data>
  0.13596753439267373  0.9636986100438978  0.2297777591296345
  -0.01321595144723392  -0.23014667676318695  0.9730662083343586
  0.9906251401102847  -0.1353421448563621  -0.018556282148051384
</data></RotationMatrix><TranslationVector type_id="opencv-matrix"><rows>3</rows><cols>1</cols><dt>f</dt><data>
  1226.7864476595798
  6335.849368106844
  83159.28936569577
</data></TranslationVector></opencv_storage>