<?xml version='1.0' encoding='utf-8'?>
<opencv_storage><CameraMatrix type_id="opencv-matrix"><rows>3</rows><cols>3</cols><dt>f</dt><data>
  486.63699458337567  0.0  329.772917173943
  0.0  488.79256390451155  235.7843531107269
  0.0  0.0  1.0
</data></CameraMatrix><DistortionCoeffs type_id="opencv-matrix"><rows>5</rows><cols>1</cols><dt>f</dt><data>
  -0.3547848604270033
  0.1718847751345643
  -0.0016840968183701277
  0.0014549975739056153
  -0.04551526284967352
</data></DistortionCoeffs><RotationMatrix type_id="opencv-matrix"><rows>3</rows><cols>3</cols><dt>f</dt><data>
  0.22182547396404118  0.9432769752569325  -0.2470263286590324
  0.1914823683375968  0.20626525063680878  0.9595775888356078
  0.9561003931159389  -0.26015993990210384  -0.13486602223570038
</data></RotationMatrix><TranslationVector type_id="opencv-matrix"><rows>3</rows><cols>1</cols><dt>f</dt><data>
  -34.90675095261444
  511.1753965598487
  3358.3531217134437
</data></TranslationVector></opencv_storage>