<?xml version='1.0' encoding='utf-8'?>
<opencv_storage><CameraMatrix type_id="opencv-matrix"><rows>3</rows><cols>3</cols><dt>f</dt><data>
  489.57850755738525  0.0  332.20707091631374
  0.0  491.8623210882844  235.65297315668445
  0.0  0.0  1.0
</data></CameraMatrix><DistortionCoeffs type_id="opencv-matrix"><rows>5</rows><cols>1</cols><dt>f</dt><data>
  -0.36579486972558584
  0.1929976163278439
  -0.0014552318528433088
  0.00029383732484247743
  -0.0615695844204975
</data></DistortionCoeffs><RotationMatrix type_id="opencv-matrix"><rows>3</rows><cols>3</cols><dt>f</dt><data>
  0.21778525217402595  0.9369891704161928  -0.27316822373451705
  0.1965269162425743  0.2320529686610931  0.9526429503899969
  0.9560056250502298  -0.2611564938084998  -0.1336058779169947
</data></RotationMatrix><TranslationVector type_id="opencv-matrix"><rows>3</rows><cols>1</cols><dt>f</dt><data>
  -0.07401978886377376
  0.44914210483558586
  3.0450668872862643
</data></TranslationVector></opencv_storage>