<?xml version='1.0' encoding='utf-8'?>
<opencv_storage><CameraMatrix type_id="opencv-matrix"><rows>3</rows><cols>3</cols><dt>f</dt><data>
  489.0635329045999  0.0  329.2881933304811
  0.0  491.29468310784716  236.52462286558938
  0.0  0.0  1.0
</data></CameraMatrix><DistortionCoeffs type_id="opencv-matrix"><rows>5</rows><cols>1</cols><dt>f</dt><data>
  -0.359670693225488
  0.18357184858376074
  -0.0018863957396232957
  0.0013408332240309082
  -0.054564923638355814
</data></DistortionCoeffs><RotationMatrix type_id="opencv-matrix"><rows>3</rows><cols>3</cols><dt>f</dt><data>
  0.2236300890298773  0.9408591064327176  -0.2545068272622906
  0.19237889204648523  0.21337483059068857  0.9578421287275697
  0.9554998404894981  -0.26316406197089914  -0.13328440010564158
</data></RotationMatrix><TranslationVector type_id="opencv-matrix"><rows>3</rows><cols>1</cols><dt>f</dt><data>
  -64.90913445788503
  432.238676484876
  2939.8741247125718
</data></TranslationVector></opencv_storage>