<?xml version='1.0' encoding='utf-8'?>
<opencv_storage><CameraMatrix type_id="opencv-matrix"><rows>3</rows><cols>3</cols><dt>f</dt><data>
  487.4254936059583  0.0  344.6398107640559
  0.0  489.98145086004723  248.88993019276057
  0.0  0.0  1.0
</data></CameraMatrix><DistortionCoeffs type_id="opencv-matrix"><rows>5</rows><cols>1</cols><dt>f</dt><data>
  -0.381009552711736
  0.23550830315569668
  -0.0014898522431474645
  -0.00043664249538667504
  -0.09483942932107257
</data></DistortionCoeffs><RotationMatrix type_id="opencv-matrix"><rows>3</rows><cols>3</cols><dt>f</dt><data>
  -0.027809465634673014  0.9262780692479489  0.3758132143118519
  0.1486902642518922  -0.3679430208148574  0.9178829657153138
  0.9884927106144062  0.08140560093709409  -0.12749623209434147
</data></RotationMatrix><TranslationVector type_id="opencv-matrix"><rows>3</rows><cols>1</cols><dt>f</dt><data>
  -789.5710749217341
  979.5312516563574
  4105.198270389394
</data></TranslationVector></opencv_storage>