<?xml version='1.0' encoding='utf-8'?>
<opencv_storage><CameraMatrix type_id="opencv-matrix"><rows>3</rows><cols>3</cols><dt>f</dt><data>
  487.25042423475696  0.0  345.6533464392752
  0.0  489.67435129060647  248.2106186048505
  0.0  0.0  1.0
</data></CameraMatrix><DistortionCoeffs type_id="opencv-matrix"><rows>5</rows><cols>1</cols><dt>f</dt><data>
  -0.3876682635411258
  0.2529587268696738
  -0.0011629150290253887
  -0.0012051868966089757
  -0.11369641389851129
</data></DistortionCoeffs><RotationMatrix type_id="opencv-matrix"><rows>3</rows><cols>3</cols><dt>f</dt><data>
  -0.031587197127863065  0.9238598847324766  0.3814251726875157
  0.14942829202548702  -0.3729617379179632  0.9157350750034415
  0.9882678961293601  0.08592121642125428  -0.12626998870967188
</data></RotationMatrix><TranslationVector type_id="opencv-matrix"><rows>3</rows><cols>1</cols><dt>f</dt><data>
  -0.8093715072601304
  1.0006991221909802
  4.164591435864128
</data></TranslationVector></opencv_storage>