<?xml version='1.0' encoding='utf-8'?>
<opencv_storage><CameraMatrix type_id="opencv-matrix"><rows>3</rows><cols>3</cols><dt>f</dt><data>
  487.19478764922326  0.0  344.7213799327269
  0.0  489.65016413740545  247.7137846759856
  0.0  0.0  1.0
</data></CameraMatrix><DistortionCoeffs type_id="opencv-matrix"><rows>5</rows><cols>1</cols><dt>f</dt><data>
  -0.3863432993237287
  0.2487949202710463
  -0.0011648026003814997
  -0.0012805172332821316
  -0.11052922163750646
</data></DistortionCoeffs><RotationMatrix type_id="opencv-matrix"><rows>3</rows><cols>3</cols><dt>f</dt><data>
  -0.23655073293029832  0.8358811435879926  -0.49532460522789357
  -0.37584349324020183  0.39138811016892855  0.8399744137813945
  0.8959829347365614  0.3848610931393621  0.2215773446190616
</data></RotationMatrix><TranslationVector type_id="opencv-matrix"><rows>3</rows><cols>1</cols><dt>f</dt><data>
  -1213.0958457687768
  -1101.0468291102559
  1757.4366052282182
</data></TranslationVector></opencv_storage>