<?xml version='1.0' encoding='utf-8'?>
<opencv_storage><CameraMatrix type_id="opencv-matrix"><rows>3</rows><cols>3</cols><dt>f</dt><data>
  488.996387795574  0.0  320.19222453830986
  0.0  487.83054524149816  237.3078704485299
  0.0  0.0  1.0
</data></CameraMatrix><DistortionCoeffs type_id="opencv-matrix"><rows>5</rows><cols>1</cols><dt>f</dt><data>
  -0.36987959336994625
  0.19050155224010742
  0.001111942718905659
  -0.0008617304832808076
  -0.05885078574060566
</data></DistortionCoeffs><RotationMatrix type_id="opencv-matrix"><rows>3</rows><cols>3</cols><dt>f</dt><data>
  -0.2618144634460198  -0.3346583999395881  0.9052386105775359
  0.2724679722749306  -0.9254316742708334  -0.2633199960896813
  0.9258587315648432  0.17770754515820875  0.33347509289148236
</data></RotationMatrix><TranslationVector type_id="opencv-matrix"><rows>3</rows><cols>1</cols><dt>f</dt><data>
  -0.6652031043224609
  2.1615980488381052
  4.380674162631655
</data></TranslationVector></opencv_storage>