<?xml version='1.0' encoding='utf-8'?>
<opencv_storage><CameraMatrix type_id="opencv-matrix"><rows>3</rows><cols>3</cols><dt>f</dt><data>
  477.09120616110664  0.0  315.8154132804096
  0.0  475.8744594014784  229.09560018339153
  0.0  0.0  1.0
</data></CameraMatrix><DistortionCoeffs type_id="opencv-matrix"><rows>5</rows><cols>1</cols><dt>f</dt><data>
  -0.36604849451729965
  0.20092135616564172
  0.0027916151331965366
  0.0016488432980672648
  -0.06763282558373819
</data></DistortionCoeffs><RotationMatrix type_id="opencv-matrix"><rows>3</rows><cols>3</cols><dt>f</dt><data>
  0.261597348652674  0.3670602502259477  0.892655364562358
  -0.30520477949550007  0.9088636250099921  -0.2842832279730902
  -0.9156510633156031  -0.19807494500254558  0.3497848573212454
</data></RotationMatrix><TranslationVector type_id="opencv-matrix"><rows>3</rows><cols>1</cols><dt>f</dt><data>
  -953.1982154461234
  1769.0715310418584
  4599.440435845271
</data></TranslationVector></opencv_storage>