<?xml version='1.0' encoding='utf-8'?>
<opencv_storage><CameraMatrix type_id="opencv-matrix"><rows>3</rows><cols>3</cols><dt>f</dt><data>
  477.09120616110664  0.0  315.8154132804096
  0.0  475.8744594014784  229.09560018339153
  0.0  0.0  1.0
</data></CameraMatrix><DistortionCoeffs type_id="opencv-matrix"><rows>5</rows><cols>1</cols><dt>f</dt><data>
  -0.36604849451729965
  0.20092135616564172
  0.0027916151331965366
  0.0016488432980672648
  -0.06763282558373819
</data></DistortionCoeffs><RotationMatrix type_id="opencv-matrix"><rows>3</rows><cols>3</cols><dt>f</dt><data>
  0.2598235859709903  0.34836246523138176  0.9006304997006762
  -0.2976729250286195  0.9161369605493339  -0.2684844487495207
  -0.918630793016477  -0.19833472296434246  0.3417320643260978
</data></RotationMatrix><TranslationVector type_id="opencv-matrix"><rows>3</rows><cols>1</cols><dt>f</dt><data>
  -1038.2344950713202
  1962.2642175506571
  5127.862094178766
</data></TranslationVector></opencv_storage>