<?xml version='1.0' encoding='utf-8'?>
<opencv_storage><CameraMatrix type_id="opencv-matrix"><rows>3</rows><cols>3</cols><dt>f</dt><data>
  489.33754206218504  0.0  333.0284337774023
  0.0  492.0546782747938  226.4228492570733
  0.0  0.0  1.0
</data></CameraMatrix><DistortionCoeffs type_id="opencv-matrix"><rows>5</rows><cols>1</cols><dt>f</dt><data>
  -0.3724196198215073
  0.22663138432827462
  -0.00032781905988248057
  -0.0006497572628500613
  -0.11254911191819697
</data></DistortionCoeffs><RotationMatrix type_id="opencv-matrix"><rows>3</rows><cols>3</cols><dt>f</dt><data>
  0.12891623216846454  0.42495912400451186  0.8959856851584207
  -0.2987377562065985  0.8781943121931398  -0.3735378201042904
  -0.9455878373266724  -0.2195096648371915  0.24016483702434532
</data></RotationMatrix><TranslationVector type_id="opencv-matrix"><rows>3</rows><cols>1</cols><dt>f</dt><data>
  15.616845039073143
  2951.4237560557126
  7405.631021152038
</data></TranslationVector></opencv_storage>