<?xml version='1.0' encoding='utf-8'?>
<opencv_storage><CameraMatrix type_id="opencv-matrix"><rows>3</rows><cols>3</cols><dt>f</dt><data>
  489.33754206218504  0.0  333.0284337774023
  0.0  492.0546782747938  226.4228492570733
  0.0  0.0  1.0
</data></CameraMatrix><DistortionCoeffs type_id="opencv-matrix"><rows>5</rows><cols>1</cols><dt>f</dt><data>
  -0.3724196198215073
  0.22663138432827462
  -0.00032781905988248057
  -0.0006497572628500613
  -0.11254911191819697
</data></DistortionCoeffs><RotationMatrix type_id="opencv-matrix"><rows>3</rows><cols>3</cols><dt>f</dt><data>
  0.15470191149114754  0.9874561738512645  0.03158517538348771
  0.3894797808579725  -0.09033722543857581  0.9165940682782564
  0.9079497887459472  -0.12949706723737264  -0.3985695556525974
</data></RotationMatrix><TranslationVector type_id="opencv-matrix"><rows>3</rows><cols>1</cols><dt>f</dt><data>
  -256.095289989472
  1014.8428141392025
  2235.0255873633896
</data></TranslationVector></opencv_storage>