<?xml version='1.0' encoding='utf-8'?>
<opencv_storage><CameraMatrix type_id="opencv-matrix"><rows>3</rows><cols>3</cols><dt>f</dt><data>
  489.55516780005144  0.0  333.22823284403603
  0.0  492.2881954001998  226.3570710766947
  0.0  0.0  1.0
</data></CameraMatrix><DistortionCoeffs type_id="opencv-matrix"><rows>5</rows><cols>1</cols><dt>f</dt><data>
  -0.3692103438399583
  0.2140000059930257
  -0.00038844504336027323
  -0.0006217929322916857
  -0.09554955857875665
</data></DistortionCoeffs><RotationMatrix type_id="opencv-matrix"><rows>3</rows><cols>3</cols><dt>f</dt><data>
  0.15497870837375027  0.9875720427060088  0.026135424547625075
  0.389663069999274  -0.08541690264028623  0.9169878105089948
  0.907823932174926  -0.13192957670219546  -0.39805815525075583
</data></RotationMatrix><TranslationVector type_id="opencv-matrix"><rows>3</rows><cols>1</cols><dt>f</dt><data>
  -0.2544703086325568
  1.0137783123579787
  2.2413196175009737
</data></TranslationVector></opencv_storage>