<?xml version='1.0' encoding='utf-8'?>
<opencv_storage><CameraMatrix type_id="opencv-matrix"><rows>3</rows><cols>3</cols><dt>f</dt><data>
  733.7045042722822  0.0  347.54524699919597
  0.0  727.3559748061552  250.7100866748643
  0.0  0.0  1.0
</data></CameraMatrix><DistortionCoeffs type_id="opencv-matrix"><rows>5</rows><cols>1</cols><dt>f</dt><data>
  -0.7691379086704823
  1.2013172039507467
  -0.013670529813476856
  -0.029488709437334056
  -3.3888136128783097
</data></DistortionCoeffs><RotationMatrix type_id="opencv-matrix"><rows>3</rows><cols>3</cols><dt>f</dt><data>
  0.24447237902556807  0.31906960493818004  0.9156570553969278
  -0.13956336131666702  0.9460570604659145  -0.2924005925448615
  -0.9595599637706714  -0.05630830797658877  0.27581524682519126
</data></RotationMatrix><TranslationVector type_id="opencv-matrix"><rows>3</rows><cols>1</cols><dt>f</dt><data>
  -1308.707213264882
  1638.9735026250912
  7544.871377215478
</data></TranslationVector></opencv_storage>