<?xml version='1.0' encoding='utf-8'?>
<opencv_storage><CameraMatrix type_id="opencv-matrix"><rows>3</rows><cols>3</cols><dt>f</dt><data>
  488.28825093110567  0.0  324.8598946704153
  0.0  490.515506226428  239.56610972979652
  0.0  0.0  1.0
</data></CameraMatrix><DistortionCoeffs type_id="opencv-matrix"><rows>5</rows><cols>1</cols><dt>f</dt><data>
  -0.392419491134797
  0.24514139358036885
  -0.0018949271304501132
  -0.0008255872974950234
  -0.0950839380572723
</data></DistortionCoeffs><RotationMatrix type_id="opencv-matrix"><rows>3</rows><cols>3</cols><dt>f</dt><data>
  0.22944575198535705  0.938385332658903  -0.25843299778959
  0.1841588784392333  0.2188662292988059  0.958218702157564
  0.9557406313367021  -0.2674519417075948  -0.12259406384062624
</data></RotationMatrix><TranslationVector type_id="opencv-matrix"><rows>3</rows><cols>1</cols><dt>f</dt><data>
  -3.5878518509925224
  477.0931736172572
  3375.1812924278393
</data></TranslationVector></opencv_storage>